sp
112
279
328
499
520
600
667
805
824
971
1004
1016
1357
1403
1411
1586
1612
1660
1807
1923
2009
2049
2052
2084
2219
2305
2339
2357
2626
2751
2778
2789
2834
2848
3380
3442
3456
3499
3533
3540
3767
3916
3926
3955
3958
3982
4030
4034
4120
4148
4187
4199
4257
4324
4383
4464
4502
4544
4562
4577
4630
4662
4681
4773
5044
5094
5169
5328
5332
5486
5518
5553
5583
5666
5946
6013
6024
6166
6282
6401
6403
6716
6773
6826
6830
6888
6900
6938
6980
6986
7006
7135
7168
7173
7227
7248
7411
7429
7432
7535
7565
7574
7638
7666
7675
7699
7883
7923
7978
8122
8151
8202
8312
8560
8725
8738
8968
9033
9073
9080
9120
9326
9367
9368
9486
9533
9717
9819
9835
9841
9847
9936
9945
10018
10090
10101
10126
10140
10196
10210
10242
10312
10390
10468
10502
10538
10623
10647
10717
10728
10795
10833
10991
11025
11125
11157
11190
11305
11315
11341
11454
11488
11613
11643
11683
11715
11736
11808
11857
11866
11877
11973
12326
12434
12578
12589
12606
12645
12652
12700
12706
12751
12802
12823
14118
18591
18662
18668
18685
18696
18699
18851
18937
18960
19034
19037
19108
19222
19567
19582
19660
19721
19778
19872
19944
19946
20087
20111
20486
20647
20671
20785
20864
20867
21035
21047
21134
21331
21692
21788
21799
21813
22229
22398
22673
23327
23410
26297
26878
27090
27094
27274
27276
27471
27573
27733
27769
27811
27821
27876
27898
27943
27951
27956
27961
27987
28003
28012
28083
28133
28148
28149
28184
28187
28228
28331
28396
28398
28592
28687
28701
28718
28801
28840
28929
28936
29050
29053
29466
29672
29792
